=== Run information ===

Scheme:       weka.clusterers.FarthestFirst -N 2 -S 1
Relation:     fer2017-weka.filters.unsupervised.instance.Randomize-S78-weka.filters.supervised.attribute.AttributeSelection-Eweka.attributeSelection.CfsSubsetEval -P 1 -E 1-Sweka.attributeSelection.BestFirst -D 1 -N 5-weka.filters.unsupervised.instance.RemoveDuplicates-weka.filters.unsupervised.instance.RemovePercentage-P50.0-V
Instances:    17047
Attributes:   144
              [list of attributes omitted]
Test mode:    evaluate on training data


=== Clustering model (full training set) ===


FarthestFirst
==============

Cluster centroids:

Cluster 0
	 61.0 41.0 34.0 38.0 35.0 37.0 35.0 29.0 37.0 35.0 34.0 35.0 34.0 52.0 39.0 42.0 34.0 31.0 38.0 63.0 41.0 141.0 54.0 147.0 129.0 153.0 158.0 148.0 136.0 123.0 50.0 137.0 126.0 53.0 121.0 159.0 140.0 96.0 151.0 139.0 126.0 106.0 125.0 142.0 148.0 143.0 107.0 89.0 111.0 111.0 141.0 120.0 109.0 145.0 154.0 158.0 149.0 137.0 148.0 137.0 141.0 133.0 118.0 150.0 144.0 131.0 104.0 142.0 115.0 111.0 142.0 139.0 122.0 140.0 123.0 123.0 135.0 137.0 125.0 103.0 117.0 125.0 193.0 133.0 130.0 130.0 145.0 150.0 147.0 144.0 143.0 142.0 149.0 154.0 152.0 149.0 128.0 196.0 137.0 146.0 147.0 145.0 146.0 157.0 156.0 151.0 150.0 147.0 152.0 151.0 160.0 150.0 151.0 149.0 134.0 121.0 133.0 148.0 132.0 107.0 103.0 138.0 77.0 100.0 59.0 82.0 199.0 147.0 65.0 69.0 76.0 90.0 204.0 140.0 136.0 130.0 119.0 107.0 85.0 97.0 94.0 88.0 85.0 Sad
Cluster 1
	 255.0 255.0 255.0 255.0 255.0 255.0 255.0 255.0 255.0 255.0 255.0 255.0 255.0 255.0 255.0 255.0 255.0 255.0 255.0 255.0 255.0 255.0 255.0 255.0 255.0 255.0 255.0 255.0 255.0 255.0 255.0 255.0 255.0 255.0 255.0 255.0 255.0 255.0 255.0 255.0 255.0 255.0 255.0 255.0 255.0 255.0 255.0 254.0 253.0 253.0 255.0 180.0 144.0 209.0 234.0 150.0 207.0 255.0 252.0 255.0 255.0 255.0 255.0 255.0 255.0 255.0 255.0 255.0 255.0 255.0 255.0 255.0 255.0 255.0 255.0 255.0 255.0 255.0 255.0 255.0 255.0 255.0 255.0 255.0 254.0 248.0 255.0 248.0 251.0 138.0 168.0 156.0 222.0 153.0 168.0 149.0 234.0 255.0 162.0 192.0 140.0 131.0 209.0 187.0 171.0 176.0 160.0 222.0 142.0 167.0 254.0 248.0 247.0 237.0 253.0 252.0 255.0 255.0 255.0 253.0 255.0 255.0 255.0 255.0 255.0 255.0 255.0 255.0 255.0 255.0 255.0 255.0 255.0 255.0 255.0 255.0 255.0 255.0 255.0 255.0 255.0 255.0 255.0 Fear



Time taken to build model (full training data) : 0.21 seconds

=== Model and evaluation on training set ===

Clustered Instances

0      15441 ( 91%)
1       1606 (  9%)

